self.tokens:  tensor([[[-0.0487, -0.0174, -0.0089,  ..., -0.0042, -0.0261, -0.0003]],

        [[-0.0161, -0.0672, -0.0697,  ..., -0.0298, -0.0341,  0.0667]],

        [[ 0.0055,  0.0708, -0.0948,  ..., -0.0469, -0.0054, -0.0089]],

        ...,

        [[-0.0413,  0.0332, -0.0863,  ...,  0.0021, -0.0322, -0.0598]],

        [[-0.0080,  0.0327, -0.0295,  ..., -0.0010,  0.0244,  0.0083]],

        [[ 0.0405,  0.0977, -0.0628,  ..., -0.0165, -0.0448, -0.0195]]],
       device='cuda:0')
prompt:  None
